[Version]
AppVersion=5.8-3073-gb64eeb003
Version=349

[ColorToning]
Enabled=true
Method=LabRegions
Lumamode=true
Twocolor=Std
Redlow=0
Greenlow=0
Bluelow=0
Satlow=0
Balance=0
Sathigh=0
Redmed=0
Greenmed=0
Bluemed=0
Redhigh=0
Greenhigh=0
Bluehigh=0
Autosat=true
OpacityCurve=1;0;0.29999999999999999;0.34999999999999998;0;0.25;0.80000000000000004;0.34999999999999998;0.34999999999999998;0.69999999999999996;0.80000000000000004;0.34999999999999998;0.34999999999999998;1;0.29999999999999999;0;0;
ColorCurve=1;0.050000000000000003;0.62;0.25;0.25;0.58499999999999996;0.11;0.25;0.25;
SatProtectionThreshold=16
SaturatedOpacity=4
Strength=50
HighlightsColorSaturation=60;80;
ShadowsColorSaturation=80;208;
ClCurve=3;0;0;0.34999999999999998;0.65000000000000002;1;1;
Cl2Curve=3;0;0;0.34999999999999998;0.65000000000000002;1;1;
LabGridALow=0
LabGridBLow=0
LabGridAHigh=0
LabGridBHigh=0
LabRegionA_1=0
LabRegionB_1=0
LabRegionSaturation_1=0
LabRegionSlope_1=1
LabRegionOffset_1=0
LabRegionPower_1=1
LabRegionHueMask_1=1;0.16666666699999999;1;0.34999999999999998;0.34999999999999998;0.82877752459999998;1;0.34999999999999998;0.34999999999999998;
LabRegionChromaticityMask_1=1;0;1;0.34999999999999998;0.34999999999999998;1;1;0.34999999999999998;0.34999999999999998;
LabRegionLightnessMask_1=1;0;1;0.34999999999999998;0.34999999999999998;0.33329999446868896;0;0.34999999403953552;0.34999999999999998;
LabRegionMaskBlur_1=0.20000000000000001
LabRegionChannel_1=-1
LabRegionA_2=0
LabRegionB_2=0
LabRegionSaturation_2=0
LabRegionSlope_2=1
LabRegionOffset_2=0
LabRegionPower_2=1
LabRegionHueMask_2=1;0.16666666699999999;1;0.34999999999999998;0.34999999999999998;0.82877752459999998;1;0.34999999999999998;0.34999999999999998;
LabRegionChromaticityMask_2=1;0;1;0.34999999999999998;0.34999999999999998;1;1;0.34999999999999998;0.34999999999999998;
LabRegionLightnessMask_2=1;0.125;0;0.34999999999999998;0.34999999999999998;0.306640625;1;0.34999999999999998;0.34999999999999998;0.5;0;0.34999999403953552;0.34999999999999998;
LabRegionMaskBlur_2=0.20000000000000001
LabRegionChannel_2=-1
LabRegionA_3=0
LabRegionB_3=0
LabRegionSaturation_3=0
LabRegionSlope_3=1
LabRegionOffset_3=0
LabRegionPower_3=1
LabRegionHueMask_3=1;0.16666666699999999;1;0.34999999999999998;0.34999999999999998;0.82877752459999998;1;0.34999999999999998;0.34999999999999998;
LabRegionChromaticityMask_3=1;0;1;0.34999999999999998;0.34999999999999998;1;1;0.34999999999999998;0.34999999999999998;
LabRegionLightnessMask_3=1;0.44999998807907104;0;0.34999999999999998;0.34999999999999998;1;1;0.34999999999999998;0.34999999999999998;
LabRegionMaskBlur_3=0.20000000000000001
LabRegionChannel_3=-1
LabRegionsShowMask=2
