[Version]
AppVersion=5.8-2914-g198f20327
Version=349

[HSV Equalizer]
Enabled=true
HCurve=1;0;0.5;0.34999999403953552;0.34999999999999998;0.083329997956752777;0.5;0.34999999403953552;0.34999999999999998;0.16666999459266663;0.5;0.34999999403953552;0.34999999999999998;0.25;0.5;0.34999999403953552;0.34999999999999998;0.33333000540733337;0.5;0.34999999403953552;0.34999999999999998;0.41666001081466675;0.5;0.34999999999999998;0.34999999999999998;0.5;0.5;0.34999999403953552;0.34999999999999998;0.58332997560501099;0.5;0.34999999403953552;0.34999999999999998;0.66667002439498901;0.5;0.34999999403953552;0.34999999999999998;0.75;0.5;0.34999999403953552;0.34999999999999998;0.83332997560501099;0.5;0.34999999403953552;0.34999999999999998;0.91666001081466675;0.5;0.34999999403953552;0.34999999403953552;
SCurve=1;0;0.5;0.34999999403953552;0.34999999999999998;0.083329997956752777;0.5;0.34999999403953552;0.34999999999999998;0.16666999459266663;0.5;0.34999999403953552;0.34999999999999998;0.25;0.5;0.34999999403953552;0.34999999999999998;0.33333000540733337;0.5;0.34999999403953552;0.34999999999999998;0.41666001081466675;0.5;0.34999999999999998;0.34999999999999998;0.5;0.5;0.34999999403953552;0.34999999999999998;0.58332997560501099;0.5;0.34999999403953552;0.34999999999999998;0.66667002439498901;0.5;0.34999999403953552;0.34999999999999998;0.75;0.5;0.34999999403953552;0.34999999999999998;0.83332997560501099;0.5;0.34999999403953552;0.34999999999999998;0.91666001081466675;0.5;0.34999999403953552;0.34999999403953552;
VCurve=1;0;0.5;0.34999999403953552;0.34999999999999998;0.083329997956752777;0.5;0.34999999403953552;0.34999999999999998;0.16666999459266663;0.5;0.34999999403953552;0.34999999999999998;0.25;0.5;0.34999999403953552;0.34999999999999998;0.33333000540733337;0.5;0.34999999403953552;0.34999999999999998;0.41666001081466675;0.5;0.34999999999999998;0.34999999999999998;0.5;0.5;0.34999999403953552;0.34999999999999998;0.58332997560501099;0.5;0.34999999403953552;0.34999999999999998;0.66667002439498901;0.5;0.34999999403953552;0.34999999999999998;0.75;0.5;0.34999999403953552;0.34999999999999998;0.83332997560501099;0.5;0.34999999403953552;0.34999999999999998;0.91666001081466675;0.5;0.34999999403953552;0.34999999403953552;

