[Version]
AppVersion=5.8-3158-gd78429518
Version=349

[Exposure]
Auto=false
Clip=0.02
Compensation=0.33000000000000002
Brightness=0
Contrast=0
Saturation=0
Black=0
HighlightCompr=0
HighlightComprThreshold=0
ShadowCompr=50
HistogramMatching=false
CurveFromHistogramMatching=false
ClampOOG=false
CurveMode=FilmLike
CurveMode2=Standard
Curve=1;0;0;1;1;
Curve2=0;

[HLRecovery]
Enabled=false
Method=Color
Hlbl=0

[Luminance Curve]
Enabled=true
Brightness=0
Contrast=0
Chromaticity=0
AvoidColorShift=false
RedAndSkinTonesProtection=0
LCredsk=false
LCurve=1;0;0.036637931034482769;0.096982758620689669;0.079741375713512891;0.50215517241379315;0.50215518474578857;0.89008620689655171;0.91163795775380663;1;0.95474137931034364;
aCurve=0;
bCurve=3;0.05000000074505806;0;0.2025862068965518;0.24137931034482751;0.47413793103448276;0.5323275862068968;0.79956896551724332;0.82758620689655138;1;0.95258620689655105;
ccCurve=0;
chCurve=1;0;0.52999997138977051;0.34999999403953552;0.34999999999999998;0.083329997956752777;0.56000000238418579;0.34999999999999998;0.34999999999999998;0.16666999459266663;0.52999997138977051;0.34999999403953552;0.34999999999999998;0.33333333333333331;0.5;0.34999999999999998;0.34999999999999998;0.5;0.5;0.34999999999999998;0.34999999999999998;0.66666666666666663;0.5;0.34999999999999998;0.34999999999999998;0.83333333333333326;0.5;0.34999999999999998;0.34999999999999998;
lhCurve=0;
hhCurve=1;0;0.5;0.34999999999999998;0.34999999999999998;0.16666999459266663;0.46250000596046448;0.34999999403953552;0.34999999999999998;0.33333000540733337;0.42500001192092896;0.34999999403953552;0.34999999999999998;0.5;0.5;0.34999999999999998;0.34999999999999998;0.66666666666666663;0.50000000000000022;0.34999999999999998;0.34999999999999998;0.83333333333333326;0.49790356394129975;0.34999999999999998;0.34999999999999998;
LcCurve=0;
ClCurve=0;

[RGB Curves]
Enabled=true
LumaMode=false
rCurve=1;0;0.073706897296782189;0.1336206896551724;0.11422413793103446;0.25;0.21120689655172406;0.5;0.5;0.7456896551724137;0.78448275862068995;0.86853448275862066;0.89224137931034464;1;0.97500002384185791;
gCurve=1;0;0.073706897296782189;0.1336206896551724;0.11422413793103446;0.25;0.21120689655172406;0.5;0.5;0.7456896551724137;0.78448275862068995;0.86853448275862066;0.89224137931034464;1;0.97500002384185791;
bCurve=1;0;0.073706897296782189;0.1336206896551724;0.11422413793103446;0.25;0.21120689655172406;0.5;0.5;0.7456896551724137;0.78448275862068995;0.86853448275862066;0.89224137931034464;1;0.97500002384185791;
